12

0	0	0
0	0	0
0.9	0.9	0.1
0.07	0.2	0.63	1

0	0	0
0.475	0	0
0.05	1	0.1
0.7	0.4	0.12	1

0	0	0
-0.475	0	0
0.05	1	0.1
0.7	0.4	0.12	1

0	0	0
0	-0.475	0
0.9	0.05	0.1
0.7	0.4	0.12	1

0	0	0
0	0.475	0
0.9	0.05	0.1
0.7	0.4	0.12	1

0	0	0
0.475	-0.475	-0.36
0.05	0.05	0.7
0.7	0.4	0.12	1		

0	0	0
-0.475	-0.475	-0.36
0.05	0.05	0.7
0.7	0.4	0.12	1

0	0	0
0.475	0.475	-0.36
0.05	0.05	0.7
0.7	0.4	0.12	1

0	0	0
-0.475	0.475	-0.36
0.05	0.05	0.7
0.7	0.4	0.12	1

0	0	0
0.475	-0.475	0.26
0.05	0.05	1
0.7	0.4	0.12	1

0	0	0
-0.475	-0.475	0.26
0.05	0.05	1
0.7	0.4	0.12	1

0	0	0
0	-0.45	0.61
0.9	0.1	0.3
1	1	1	1

