0      4.385      0
0      0      0
0      0      0
0      0      0
-1.2      -0.7      0
0      0      0
0      -3.2      0
0      0      0
1.2      -0.7      0
0      0      0
0      -3.2      0
0      0      0
0      -2      0.01
0.5236      0      0
3      3.15      7
0      0      0
0      1.85      0
0      0      0
0.7      1.4      0
0      0      0
0      -1      0
0      0      0
-0.7      1.4      0
0      0      0
0      -1      0
0      0      0
0.4      -0      0
0      0      0
0      -1.5      0
0      0      0
-0.4      -0      0
0      0      0
0      -1.5      0
0      0      0

1
0    0    0
1    0.75    0.6
1
0    0    0
0    0    -1
1
40    40    40
-192    -28    -120
1
40    40    40
-192    -28    120
1
40    40    40
192    -28    -120
1
40    40    40
192    -28    120
1
40    40    40
0    -28    120
1
40    40    40
0    -28    -120

0    -3    -20
0    0    0



0      4.385      0
0      0.05      0
0      0      0
0      1.9      0
-1.2      -0.7      0
0      0      0
0      -3.2      0
0      0      0
1.2      -0.7      0
0      0      0
0      -3.2      0
0      0      0
0      -2      0.01
0.5236      0      0
3      7.05001      7
0.75      -1.4      0
0      1.85      0
0      0      0
0.7      1.4      0
-1.5      0      0
0      -1      0
-0.85      0      0
-0.7      1.4      0
-1.45      0      0
0      -1      0
-1.3      0      0
0.4      -0      0
0.5      0      0
0      -1.5      0
0.7      0      0
-0.4      -0      0
0.65      0      0
0      -1.5      0
0.75      0      0

1
0    0    0
1    0.75    0.6
1
0    0    0
0    0    -1
1
40    40    40
-192    -28    -120
1
40    40    40
-192    -28    120
1
40    40    40
192    -28    -120
1
40    40    40
192    -28    120
1
40    40    40
0    -28    120
1
40    40    40
0    -28    -120

7.5397    -6.34332    -17.7292
0.05    0.55    0



0.8      4.135      6.05
0      0.05      0
0      0      0
0      1.9      0
-1.2      -0.7      0
0      0      0
0      -3.2      0
0      0      0
1.2      -0.7      0
0      0      0
0      -3.2      0
0      0      0
0      -2      0.01
0.5236      0      0
0.0500017      6.60001      7
2.05      -0.5      1.5
0      1.85      0
0      0      0
0.7      1.4      0
-2.6      0      0
0      -1      0
-0.85      0      0
-0.7      1.4      0
-1.45      0      0
0      -1      0
-1.3      0      0
0.4      -0      0
0.5      0      0
0      -1.5      0
-0.1      0      0
-0.4      -0      0
0.65      0      0
0      -1.5      0
-0.05      0      0

1
0    0    0
1    0.75    0.6
1
0    0    0
0    0    -1
1
40    40    40
-192    -28    -120
1
40    40    40
-192    -28    120
1
40    40    40
192    -28    -120
1
40    40    40
192    -28    120
1
40    40    40
0    -28    120
1
40    40    40
0    -28    -120

15.1199    -8.34083    -7.6673
0.2    1.5    0



0.8      4.135      11.75
0      0.05      0
0      0      0
0      1.9      0
-1.2      -0.7      0
0      0      0
0      -3.2      0
0      0      0
1.2      -0.7      0
0      0      0
0      -3.2      0
0      0      0
0      -2      0.01
0.5236      0      0
-5.05      4.2      7.05
1.5      -0.5      1.5
0      1.85      0
0      0      0
0.7      1.4      0
-1.8      0      0
0      -1      0
-0.85      0      0
-0.7      1.4      0
-1.45      0      0
0      -1      0
-1.3      0      0
0.4      -0      0
0.5      0      0
0      -1.5      0
-0.1      0      0
-0.4      -0      0
0.65      0      0
0      -1.5      0
-0.05      0      0

1
0    0    0
1    0.75    0.6
1
0    0    0
0    0    -1
1
40    40    40
-192    -28    -120
1
40    40    40
-192    -28    120
1
40    40    40
192    -28    -120
1
40    40    40
192    -28    120
1
40    40    40
0    -28    120
1
40    40    40
0    -28    -120

15.1199    -8.34083    -7.6673
0.2    1.5    0



