0
Torso
-1
0.0		4.0		0.0
1.0		1.0		1.0

0.0		0.0		0.0
1.0		1.0		1.0

1
Head
0
0.0		1.5		0.0
0.0		0.0		0.0

0.0		0.0		0.0
0.0		1.0		0.0

2
UpperLeftHand
0
1.25	1.0		0.0
0.0		0.0		0.0

0.0		0.0		0.0
1.0		0.0		1.0	

3
LowerLeftHand
2
0.0		-1.5		0.0
0.0		0.0		0.0

0.0		0.0		0.0
0.0		0.0		1.0


4
UpperRightHand
0
-1.25		1.0		0.0
0.0		0.0		0.0

0.0		0.0		0.0
1.0		0.0		1.0	

5
LowerRightHand
4
0.0		-1.5		0.0
0.0		0.0		0.0

0.0		0.0		0.0
0.0		0.0		1.0


6
UpperLeftLeg
0

0.5		-1.0		0.0
0.0		0.0		0.0

0.0		0.0		0.0
1.0		0.0		0.0

7 
LowerLeftLeg
6
0.0		-1.5		0.0
0.0		0.0		0.0

0.0		0.0		0.0
1.0		0.0		0.0

8
UpperRightLeg
0

-0.5		-1.0		0.0
0.0		0.0		0.0

0.0		0.0		0.0
1.0		0.0		0.0

9 
LowerRightLeg
8
0.0		-1.5		0.0
0.0		0.0		0.0

0.0		0.0		0.0
1.0		0.0		0.0




