Directiomlight1
0.0 	1.0 	0.0		0.0
0.0 	0.0 	0.0
0.5 	0.1 	45.0
1.0		0.75	0.6

DirectionLight2
0.0 	3.4 	1.8			1.0
70.0 	0.0 	0.0
0.5 	0.0 	10.0
0.0		0.0		-1.0

Spotlight1
96.0 	28.0 	60.0			1.0
40.0 	40.0 	40.0
0.005 	0.0 	30.0
-96.0	-28.0		-60.0

Spotlight2
96.0 	28.0 	-60.0			1.0
40.0 	40.0 	40.0
0.005 	0.0 	30.0
-96.0	-28.0		60.0

Spotlight3
-96.0 	28.0 	60.0			1.0
40.0 	40.0 	40.0
0.005 	0.0 	30.0
96.0	-28.0		-60.0

Spotlight4
-96.0 	28.0 	-60.0			1.0
40.0 	40.0 	40.0
0.005 	0.0 	30.0
96.0	-28.0		60.0

Spotlight5
0.0 	28.0 	-60.0			1.0
40.0 	40.0 	40.0
0.005 	0.0 	30.0
0.0		-28.0		60.0

Spotlight6
0.0 	28.0 	60.0			1.0
40.0 	40.0 	40.0
0.005 	0.0 	30.0
0.0		-28.0	-60.0
